-124.40 40.50
-124.40 40.60
-124.30 40.70
-124.20 40.80
-124.20 40.90
-124.10 41.00
-124.20 41.10
-124.10 41.20
-124.10 41.30
-124.10 41.40
-124.10 41.50
-124.10 41.60
-124.20 41.70
-124.30 41.80
-124.20 41.90
-124.30 42.00
-124.40 42.10
-124.40 42.20
-124.40 42.30
-124.40 42.40
-124.40 42.50
-124.40 42.60
-124.50 42.70
-124.60 42.80
-124.50 42.90
-124.50 43.00
-124.40 43.10
-124.40 43.20
-124.40 43.30
-124.30 43.40
-124.30 43.50
-124.20 43.60
-124.20 43.70
-124.20 43.80
-124.20 43.90
-124.10 44.00
-124.10 44.10
-124.10 44.20
-124.10 44.30
-124.10 44.40
-124.10 44.50
-124.10 44.60
-124.10 44.70
-124.10 44.80
-124.00 44.90
-124.00 45.00
-124.00 45.10
-124.00 45.20
-124.00 45.30
-124.00 45.40
-124.00 45.50
-124.00 45.60
-124.00 45.70
-124.00 45.80
-124.00 45.90
-124.00 46.00
-124.00 46.10
-124.00 46.20
-124.10 46.30
-124.10 46.40
-124.10 46.50
-124.10 46.60
-124.10 46.70
-124.10 46.80
-124.20 46.90
-124.20 47.00
-124.20 47.10
-124.20 47.20
-124.30 47.30
-124.30 47.40
-124.40 47.50
-124.40 47.60
-124.40 47.70
-124.60 47.80
-124.70 47.90
-124.70 48.00
-124.70 48.10
-124.70 48.20
-124.70 48.30
-124.70 48.40
-124.50 48.50
-124.80 48.60
-125.10 48.70
-125.20 48.80
-125.60 48.90
-125.70 49.00